Ga0496345 000031 36081 37616
Ga0496373 000093 19942 21456
Ga0496377 002465 2121 3425
Ga0496345 000062 13772 15286
Ga0496366 000034 46466 47980
Ga0496368 000145 11690 13204
Ga0496367 000146 17845 19359
Ga0496354 00010 108354 109868
Ga0496345 000853 3182 4720
Ga0496361 000060 13266 14732
638193853
AAY80898.1
Ga0496372 000023 41802 43271
Ga0496375 000026 46000 47469
Ga0496366 000023 57734 59203
Ga0496354 00027 41701 43170
Ga0496345 000036 41695 43212
Ga0208313 1025942
Ga0496366 000013 101238 102707
Ga0496375 000017 76388 77857
Ga0496345 000056 48110 49579
Ga0496373 000014 57408 58877
Ga0496368 000060 4686 6155
Ga0496354 00013 107779 109248
2508724840
650820707
WP 048060169.1
640507841
Ga0496352 00029 65429 66907
Ga0496375 000711 1245 2711
2549771741
Ga0496345 000028 54717 56237
WP 048054180.1
638161830
2515035178
WP 110380471.1
Ga0496373 000031 33338 34807
Ga0496375 000025 33209 34678
2690453597
Ga0496368 000035 29662 31131
