Ga0496369 00057 1313 2947
Ga0496346 000454 5480 7114
Ga0496353 000295 1311 2945
2511628356
Ga0496349 000607 24016 25644
Ga0495965 005223 3497 5125
2682675484
2515034402
638181110
2515036417
Ga0496345 000335 7484 9067
638193142
638164083
WP 010924010.1
Ga0496345 000083 38446 39942
Ga0496361 000046 51134 52735
Ga0197144 10015210
Ga0496365 000134 10692 12293
Ga0496361 000859 14 1615
Ga0496371 000138 50634 52235
640507174
650821352
638194887
Ga0496345 002643 2492 4090
Ga0074075 109632
2508722297
Ga0496361 000482 19643 21229
Ga0496361 008314 959 2545
Ga0496346 000894 25470 27056
Ga0496371 000029 124745 126331
Ga0496345 000098 22878 24467
2690454806
638197176
WP 110379474.1
Ga0496372 000111 1893 3479
2549771848
2730756534
638161702
WP 010922992.1
